      0.2816      -0.1586       0.0746      -0.0325       0.0136      -0.0055       0.0022      -0.0009       0.0003      -0.0001       0.0000      -0.0000       0.0000      -0.0000       0.0000      -0.0000      -0.0000      -0.0000      -0.0000      -0.0000      -0.0000      -0.0000      -0.0000      -0.0000      -0.0000
     -0.1586       0.1448      -0.0680       0.0295      -0.0123       0.0050      -0.0020       0.0008      -0.0003       0.0001      -0.0000       0.0000      -0.0000       0.0000      -0.0000      -0.0000      -0.0000      -0.0000      -0.0000      -0.0000      -0.0000      -0.0000      -0.0000      -0.0000      -0.0000
      0.0746      -0.0680       0.0257      -0.0111       0.0046      -0.0019       0.0007      -0.0003       0.0001      -0.0000       0.0000      -0.0000       0.0000       0.0000       0.0000       0.0000       0.0000       0.0000       0.0000       0.0000       0.0000       0.0000       0.0000       0.0000       0.0000
     -0.0325       0.0295      -0.0111       0.0048      -0.0020       0.0008      -0.0003       0.0001      -0.0000       0.0000      -0.0000       0.0000      -0.0000      -0.0000      -0.0000      -0.0000      -0.0000      -0.0000      -0.0000      -0.0000      -0.0000      -0.0000      -0.0000      -0.0000      -0.0000
      0.0136      -0.0123       0.0046      -0.0020       0.0008      -0.0003       0.0001      -0.0000       0.0000      -0.0000       0.0000      -0.0000       0.0000       0.0000       0.0000       0.0000       0.0000       0.0000       0.0000       0.0000       0.0000       0.0000       0.0000       0.0000       0.0000
     -0.0055       0.0050      -0.0019       0.0008      -0.0003       0.0001      -0.0000       0.0000      -0.0000       0.0000      -0.0000      -0.0000      -0.0000      -0.0000      -0.0000      -0.0000      -0.0000      -0.0000      -0.0000      -0.0000      -0.0000      -0.0000      -0.0000      -0.0000      -0.0000
      0.0022      -0.0020       0.0007      -0.0003       0.0001      -0.0000       0.0000      -0.0000       0.0000      -0.0000       0.0000       0.0000       0.0000       0.0000       0.0000       0.0000       0.0000       0.0000       0.0000       0.0000       0.0000       0.0000       0.0000       0.0000       0.0000
     -0.0009       0.0008      -0.0003       0.0001      -0.0000       0.0000      -0.0000       0.0000      -0.0000      -0.0000      -0.0000      -0.0000      -0.0000      -0.0000      -0.0000      -0.0000      -0.0000      -0.0000      -0.0000      -0.0000      -0.0000      -0.0000      -0.0000      -0.0000      -0.0000
      0.0003      -0.0003       0.0001      -0.0000       0.0000      -0.0000       0.0000      -0.0000       0.0000      -0.0000       0.0000       0.0000       0.0000       0.0000       0.0000       0.0000       0.0000       0.0000       0.0000       0.0000       0.0000       0.0000       0.0000       0.0000       0.0000
     -0.0001       0.0001      -0.0000       0.0000      -0.0000       0.0000      -0.0000      -0.0000      -0.0000      -0.0000      -0.0000      -0.0000      -0.0000      -0.0000      -0.0000      -0.0000      -0.0000      -0.0000      -0.0000      -0.0000      -0.0000      -0.0000      -0.0000      -0.0000      -0.0000
      0.0000      -0.0000       0.0000      -0.0000       0.0000      -0.0000       0.0000      -0.0000       0.0000      -0.0000       0.0000      -0.0000      -0.0000      -0.0000      -0.0000      -0.0000      -0.0000      -0.0000      -0.0000      -0.0000      -0.0000      -0.0000      -0.0000      -0.0000      -0.0000
     -0.0000       0.0000      -0.0000       0.0000      -0.0000      -0.0000       0.0000      -0.0000       0.0000      -0.0000      -0.0000      -0.0000      -0.0000      -0.0000      -0.0000      -0.0000      -0.0000      -0.0000      -0.0000      -0.0000      -0.0000      -0.0000      -0.0000      -0.0000      -0.0000
      0.0000      -0.0000       0.0000      -0.0000       0.0000      -0.0000       0.0000      -0.0000       0.0000      -0.0000      -0.0000      -0.0000      -0.0000      -0.0000      -0.0000      -0.0000      -0.0000      -0.0000      -0.0000      -0.0000      -0.0000      -0.0000      -0.0000      -0.0000      -0.0000
     -0.0000       0.0000       0.0000      -0.0000       0.0000      -0.0000       0.0000      -0.0000       0.0000      -0.0000      -0.0000      -0.0000      -0.0000      -0.0000      -0.0000      -0.0000      -0.0000      -0.0000      -0.0000      -0.0000      -0.0000      -0.0000      -0.0000      -0.0000      -0.0000
      0.0000      -0.0000       0.0000      -0.0000       0.0000      -0.0000       0.0000      -0.0000       0.0000      -0.0000      -0.0000      -0.0000      -0.0000      -0.0000      -0.0000      -0.0000      -0.0000      -0.0000      -0.0000      -0.0000      -0.0000      -0.0000      -0.0000      -0.0000      -0.0000
     -0.0000      -0.0000       0.0000      -0.0000       0.0000      -0.0000       0.0000      -0.0000       0.0000      -0.0000      -0.0000      -0.0000      -0.0000      -0.0000      -0.0000      -0.0000      -0.0000      -0.0000      -0.0000      -0.0000      -0.0000      -0.0000      -0.0000      -0.0000      -0.0000
     -0.0000      -0.0000       0.0000      -0.0000       0.0000      -0.0000       0.0000      -0.0000       0.0000      -0.0000      -0.0000      -0.0000      -0.0000      -0.0000      -0.0000      -0.0000      -0.0000      -0.0000      -0.0000      -0.0000      -0.0000      -0.0000      -0.0000      -0.0000      -0.0000
     -0.0000      -0.0000       0.0000      -0.0000       0.0000      -0.0000       0.0000      -0.0000       0.0000      -0.0000      -0.0000      -0.0000      -0.0000      -0.0000      -0.0000      -0.0000      -0.0000      -0.0000      -0.0000      -0.0000      -0.0000      -0.0000      -0.0000      -0.0000      -0.0000
     -0.0000      -0.0000       0.0000      -0.0000       0.0000      -0.0000       0.0000      -0.0000       0.0000      -0.0000      -0.0000      -0.0000      -0.0000      -0.0000      -0.0000      -0.0000      -0.0000      -0.0000      -0.0000      -0.0000      -0.0000      -0.0000      -0.0000      -0.0000      -0.0000
     -0.0000      -0.0000       0.0000      -0.0000       0.0000      -0.0000       0.0000      -0.0000       0.0000      -0.0000      -0.0000      -0.0000      -0.0000      -0.0000      -0.0000      -0.0000      -0.0000      -0.0000      -0.0000      -0.0000      -0.0000      -0.0000      -0.0000      -0.0000      -0.0000
     -0.0000      -0.0000       0.0000      -0.0000       0.0000      -0.0000       0.0000      -0.0000       0.0000      -0.0000      -0.0000      -0.0000      -0.0000      -0.0000      -0.0000      -0.0000      -0.0000      -0.0000      -0.0000      -0.0000      -0.0000      -0.0000      -0.0000      -0.0000      -0.0000
     -0.0000      -0.0000       0.0000      -0.0000       0.0000      -0.0000       0.0000      -0.0000       0.0000      -0.0000      -0.0000      -0.0000      -0.0000      -0.0000      -0.0000      -0.0000      -0.0000      -0.0000      -0.0000      -0.0000      -0.0000      -0.0000      -0.0000      -0.0000      -0.0000
     -0.0000      -0.0000       0.0000      -0.0000       0.0000      -0.0000       0.0000      -0.0000       0.0000      -0.0000      -0.0000      -0.0000      -0.0000      -0.0000      -0.0000      -0.0000      -0.0000      -0.0000      -0.0000      -0.0000      -0.0000      -0.0000      -0.0000      -0.0000      -0.0000
     -0.0000      -0.0000       0.0000      -0.0000       0.0000      -0.0000       0.0000      -0.0000       0.0000      -0.0000      -0.0000      -0.0000      -0.0000      -0.0000      -0.0000      -0.0000      -0.0000      -0.0000      -0.0000      -0.0000      -0.0000      -0.0000      -0.0000      -0.0000      -0.0000
     -0.0000      -0.0000       0.0000      -0.0000       0.0000      -0.0000       0.0000      -0.0000       0.0000      -0.0000      -0.0000      -0.0000      -0.0000      -0.0000      -0.0000      -0.0000      -0.0000      -0.0000      -0.0000      -0.0000      -0.0000      -0.0000      -0.0000      -0.0000      -0.0000
