lambda[fm^-1] alpha[fm^-2]    C0[MeV]
0.6325     0.00077171      0.83382111
0.7746     0.00105652      0.90776882
0.8944     0.00110491      0.91369538
1.0000     0.00109934      0.83396922
1.0954     0.00122357      1.37935968
1.1832     0.00116872      0.37470813
1.2649     0.00115710      0.00273375
1.3416     0.00120176      -0.50265132
1.4142     0.00125485      -1.12940812
1.4832     0.00119019      -1.82844597
1.5492     0.00126792      -2.72133438
1.6125     0.00121848      -3.68073733
1.6733     0.00126717      -4.83339523
1.7321     0.00130049      -6.12301834
1.7889     0.00123366      -7.48372394
1.8439     0.00127897      -9.08293304
1.8974     0.00127640      -10.79866171
1.9494     0.00132586      -12.72678747
2.0000     0.00123879      -14.67527162
2.0494     0.00122735      -16.87450660
2.0976     0.00131155      -14.92686728
2.1448     0.00124551      -21.84398418
2.1909     0.00122351      -24.55846572
2.2361     0.00134849      -27.69202731
2.2804     0.00122853      -30.62982902
2.3238     0.00125436      -34.00330272
2.3664     0.00134601      -37.71568075
2.4083     0.00123155      -41.21067985
2.4495     0.00123523      -45.19861754
2.4900     0.00125159      -49.41210919
2.5298     0.00130885      -53.95787299
2.5690     0.00135703      -58.72700386
2.6077     0.00123411      -63.26698013
2.6458     0.00123557      -68.38264994
2.6833     0.00126348      -73.83190969
2.7203     0.00127965      -79.49354643
2.7568     0.00130418      -85.46884687
2.7928     0.00124058      -91.37906356
2.8284     0.00133743      -98.17811347
2.8636     0.00124230      -104.48231212
2.8983     0.00128009      -111.63742606
2.9326     0.00126966      -118.86583963
2.9665     0.00133031      -126.61959764
3.0000     0.00130310      -134.41282198
3.0332     0.00129846      -142.67347449
3.0659     0.00131786      -151.31892909
3.0984     0.00124216      -159.72002777
3.1305     0.00132586      -169.42925062
3.1623     0.00132720      -179.00345407
3.1937     0.00129809      -188.69826687
3.2249     0.00125184      -198.61382760
3.2558     0.00124683      -209.18057966
3.2863     0.00125499      -220.21678061
3.3166     0.00135532      -232.33938473
3.3466     0.00129957      -243.38866953
3.3764     0.00125706      -255.60187410
3.4059     0.00135898      -269.21706892
3.4351     0.00127936      -281.32840182
3.4641     0.00124728      -294.61729807
3.4928     0.00124707      -308.52111851
3.5214     0.00128045      -323.30449766
3.5496     0.00124327      -337.69784067
3.5777     0.00125755      -352.84952774
3.6056     0.00127134      -369.23069817
3.6332     0.00124752      -384.49861566
3.6606     0.00125959      -402.24630720
3.6878     0.00129028      -420.04146205
3.7148     0.00126263      -437.62674167
3.7417     0.00129259      -456.55285556
3.7683     0.00132265      -476.26049725
3.7947     0.00125090      -489.80963130
3.8210     0.00132067      -511.06340871
3.8471     0.00126600      -536.04931445
3.8730     0.00125166      -556.53110139
3.8987     0.00132208      -580.69829068
3.9243     0.00126284      -602.43567723
3.9497     0.00127860      -626.37018189
3.9749     0.00124961      -649.55818837
4.0000     0.00127540      -675.34262765
4.0249     0.00127850      -700.73567828
4.0497     0.00132766      -726.46225750
4.0743     0.00128291      -753.53598652
4.0988     0.00133213      -784.26761927
4.1231     0.00126111      -810.38077531
4.1473     0.00128531      -820.92248864
4.1713     0.00127270      -870.95038122
4.1952     0.00135966      -905.81221403
4.2190     0.00128262      -935.46364051
4.2426     0.00128066      -968.53447565
4.2661     0.00126521      -1001.60340106
4.2895     0.00130101      -1037.60967247
4.3128     0.00125808      -1064.04792433
4.3359     0.00132037      -1110.90724835
4.3589     0.00128896      -1148.14944095
4.3818     0.00125677      -1187.10080987
4.4045     0.00127821      -1229.08288372
4.4272     0.00132778      -336.50534073
4.4497     0.00126514      -343.30802017
4.4721     0.00131461      -350.31272295
4.4944     0.00130720      -357.31948294
4.5166     0.00127027      -364.35955314
4.5387     0.00137967      -371.64725307
4.5607     0.00137118      -378.86211857
4.5826     0.00128684      -386.05191339
4.6043     0.00127684      -393.40225401
4.6260     0.00129657      -400.86010911
4.6476     0.00127031      -408.32850381
4.6690     0.00135220      -416.00610227
4.6904     0.00127774      -423.55099023
4.7117     0.00129683      -431.28707987
4.7329     0.00125240      -439.00787873
4.7539     0.00127077      -446.88246054
4.7749     0.00128922      -454.82704050
4.7958     0.00127511      -462.79665107
4.8166     0.00129325      -470.88044093
4.8374     0.00131159      -479.03422128
4.8580     0.00126273      -487.16330620
4.8785     0.00128038      -495.45545681
4.8990     0.00138470      -503.93998928
4.9193     0.00129849      -512.22479913
4.9396     0.00126408      -520.65055701
4.9598     0.00128114      -529.22095076
4.9800     0.00126298      -537.80902745
5.0000     0.00138795      -546.67788310
5.0200     0.00127864      -555.27094272
5.0398     0.00127731      -564.09248049
5.0596     0.00134908      -573.09452001
5.0794     0.00127371      -581.94280460
5.0990     0.00132728      -591.05776429
5.1186     0.00130630      -600.12774273
5.1381     0.00132273      -609.32512668
5.1575     0.00137792      -618.65259881
5.1769     0.00131714      -627.86867128
5.1962     0.00133332      -637.27497043
5.2154     0.00127156      -646.62542796
5.2345     0.00128695      -656.16974378
5.2536     0.00134218      -665.84873425
5.2726     0.00131801      -675.46814336
5.2915     0.00133367      -685.22222752
5.3104     0.00126849      -694.91103790
5.3292     0.00128331      -704.80304328
5.3479     0.00133941      -714.83448782
5.3666     0.00127213      -724.72627666
5.3852     0.00128670      -734.82702696
5.4037     0.00130139      -744.99768012
5.4222     0.00133735      -755.27497256
5.4406     0.00128841      -765.47421662
5.4589     0.00134582      -775.92905414
5.4772     0.00133898      -786.34106529
5.4955     0.00128849      -796.74442854
5.5136     0.00130261      -807.33243620
5.5317     0.00136109      -818.06992659
5.5498     0.00139845      -828.83907470
5.5678     0.00130075      -839.43410262
5.5857     0.00131468      -850.30060780
5.6036     0.00128368      -861.15318461
5.6214     0.00129727      -872.15838327
5.6391     0.00135691      -883.31941646
5.6569     0.00132464      -894.37840604
5.6745     0.00129215      -905.50509476
5.6921     0.00129395      -916.76638729
5.7096     0.00131904      -928.14216590
5.7271     0.00128546      -939.47405321
5.7446     0.00129853      -950.96614123
5.7619     0.00135982      -962.62178564
5.7793     0.00132502      -974.15990198
5.7966     0.00131412      -985.81359221
5.8138     0.00130295      -997.53599767
5.8310     0.00131593      -1009.37624157
5.8481     0.00136630      -1021.36090842
5.8652     0.00129263      -1033.16570282
5.8822     0.00138065      -1045.36698368
5.8992     0.00136868      -1057.43576482
5.9161     0.00138204      -1069.62528281
5.9330     0.00134398      -1081.77933205
5.9498     0.00136997      -1094.13399062
5.9666     0.00130567      -1106.37057147
5.9833     0.00133112      -1118.86401404
6.0000     0.00129204      -1131.29019953
6.0166     0.00130440      -1143.89516414
6.0332     0.00131684      -1156.56996350
6.0498     0.00138265      -1169.42846563
6.0663     0.00131529      -1182.07150714
6.0828     0.00132774      -1194.95518254
6.0992     0.00136731      -1207.96750535
6.1156     0.00129872      -1220.81312571
6.1319     0.00131088      -1233.90501943
6.1482     0.00133681      -1247.09710142
6.1644     0.00141896      -1260.48239849
6.1806     0.00132014      -1273.53762451
6.1968     0.00130470      -1286.84549133
6.2129     0.00131672      -1300.28519711
6.2290     0.00132885      -1313.79472065
6.2450     0.00136948      -1327.43870730
6.2610     0.00135334      -1341.02321947
6.2769     0.00139462      -1354.80817348
6.2929     0.00140725      -1368.59763797
6.3087     0.00136145      -1382.32227298