    0.10   -0.2776485085487365   2.7130464533666183
    0.15   -0.6251751780509948   3.4319091943420212
    0.20   -1.1118372082710266   4.167419364149226
    0.25   -1.7376345992088318   4.876380723790015
    0.30   -2.5025673806667328   5.570186114733308
    0.35   -3.4066355228424072   6.2162125959833805
    0.40   -4.4498389959335327   6.8210865171637
    0.45   -5.6321778893470764   7.3584053653498245
    0.50   -6.9536521509289742   7.8332822256543455
    0.55   -8.4142617367207997   8.223613682282863
    0.60   -10.014006733894352   8.531065748547022
    0.65   -11.752887116372587   8.737747984686695
    0.70   -13.630902761220934   8.843769489589214
    0.75   -15.648053899407387   8.832090990816761
    0.80   -17.804340305924409   8.704595459481386
    0.85   -20.099762217700480   8.440970784164211
    0.90   -22.534319406747819   8.045607801935711
    0.95   -25.108011944591997   7.502984860556464
    1.00   -27.820839822292328   6.809986248188086
    1.05   -30.672803171724077   5.952887787355908
    1.10   -33.663901862502101   4.92980063975504
    1.15   -36.794135914742938   3.731839144043261
    1.20   -40.063505214452739   2.3502594645989587
    1.25   -43.472010083496571   0.7775471573478795
    1.30   -47.019650226831430   -0.9968957260437031
    1.35   -50.706425663828860   -2.966527165630453
    1.40   -54.532336616516105   -5.165246304040265
    1.45   -58.497382879257223   -7.579298623724159
    1.50   -62.601564392447472   -10.22833129871364
    1.55   -66.844881531596158   -12.546806354185444
    1.60   -71.227333724498749   -16.234481357136083
    1.65   -75.748921465873721   -19.509749520248764
    1.70   -80.409644529223470   -23.27284470719571
    1.75   -85.209503017365932   -27.17419879177532
    1.80   -90.148496949672676   -31.367376552623444
    1.85   -95.226626150310025   -35.805005542916916
    1.90   -100.44389066398148   -40.63699668798676
    1.95   -105.80029069483285   -45.72026608845989
    2.00   -111.29582583904266   -51.11475971653586
    2.05   -116.93049673140047   -56.41196282352865
    2.10   -122.70430267155167   -62.882189704620934
    2.15   -128.61724398136144   -69.26559833861924
    2.20   -134.66932096481324   -76.01216113830856
    2.25   -140.86053297668695   -83.13725319674383
    2.30   -147.19088065624240   -90.59863790706069
    2.35   -153.66036337763063   -98.43595260713076
    2.40   -160.26898161172875   -106.71585630436094
    2.45   -167.01673533618444   -115.3524288869521
    2.50   -173.90362434089184   -124.40690703984382
    2.55   -180.92964872270824   -133.90107389114084
    2.60   -188.09480844736086   -143.79019991070433
    2.65   -195.39910353273160   -153.9108110292507
    2.70   -202.84253396689883   -164.17629221420924
    2.75   -210.42509981244802   -176.21129381576495
    2.80   -218.14680104255689   -187.98002716525147
    2.85   -226.00763756632796   -199.63191496899924
    2.90   -234.00760968923581   -212.97345966361027
    2.95   -242.14671689718952   -226.21009474571943
    3.00   -250.42495965957642   -239.82794622298485
    3.05   -258.84233742952370   -254.30506364905213
    3.10   -267.39885088205335   -268.9460110116377
    3.15   -276.09449983388197   -284.4515184108448
    3.20   -284.92928398847556   -300.67887715589023
    3.25   -293.90320343524218   -317.3748491451962
    3.30   -303.01625839769866   -334.53761553888233
    3.35   -312.26844844818123   -352.412989164124
    3.40   -321.65977442264557   -370.93726975562885
    3.45   -331.19023534357518   -389.5109300283649
    3.50   -340.85983154177666   -409.9160309315644
    3.55   -350.66856353580971   -429.9383961227198
    3.60   -360.61643059253697   -451.62183748537615
    3.65   -370.70343282520747   -471.2587858219829
    3.70   -380.92957075238206   -495.7975963861988
    3.75   -391.29484403878450   -519.6063249067547
    3.80   -401.79925279617333   -542.3962978999056
    3.85   -412.44279653728040   -567.795584175474
    3.90   -423.22547572851141   -594.3140909991258
    3.95   -434.14729044437371   -620.4505301632896
    4.00   -445.20824056863785   -644.9735057475652
    4.05   -456.40832625627553   -660.9019107891922
    4.10   -467.74754676818884   -704.2647772984184
    4.15   -479.22590306997245   -736.1130260624134
    4.20   -490.84339447021438   -761.5601269796007
    4.25   -502.60002147406340   -788.0682645527055
    4.30   -514.49578372836174   -826.1216469747941
    4.35   -526.53068150878016   -864.7406023964471
    4.40   -538.70471444129885   -891.0986904092803
    4.45   -551.01788270473457   -934.7271128102786
    4.50   -563.47018656134605   -970.3477275845423
    4.55   -576.06162557601931   -992.8632256874615
    4.60   -588.79220008850189   -1047.8846792113065
    4.65   -601.66190984547052   -966.5878601318544
    4.70   -614.67075546979902   -1132.36521512511
    4.75   -627.81873589754105   -1175.480381000438
    4.80   -641.10585156679133   -1219.7166181946
    4.85   -654.53210299909222   -1264.8828097590
    4.90   -668.09748991727736   -1308.1603691406
    4.95   -681.80201210677671   -1348.6490595703
    5.00   -695.64566910266876   -1407.6826435547
    5.05   -709.62846225500039   -1452.5839453125
    5.10   -723.75039022564977   -1509.7093730469
    5.15   -738.01145402192981   -1563.3762675781
    5.20   -752.41165244579372   -1545.4873027344
    5.25   -766.95098717510700   -1670.7100566406
    5.30   -781.62945693731240   -1732.3673554688
    5.35   -796.44706199169275   -1581.2056025391
    5.40   -811.40380191802865   -1848.6456269531
    5.45   -826.49967769384489   -1894.4413769531
    5.50   -841.73468881845474   -1976.2535761719
    5.55   -857.10883537828818   -1905.6517949219
    5.60   -872.62211763858920   -2112.9252675781
    5.65   -888.27453434765198   -2179.2933271484
    5.70   -904.06608736515182   -1914.1192382813
    5.75   -919.99677488207817   -2284.8978496094
    5.80   -936.06659860610830   -2400.9376015625
    5.85   -952.27555691599969   -2454.8430156250
    5.90   -968.62365146279205   -2557.7641933594
    5.95   -985.11088089645057   -2630.6319101563
    6.00   -1001.7372455596924   -2713.1596679688
    6.05   -1018.5027457207425   -2802.9622714844
    6.10   -1035.4073810756222   -2698.7292363281
    6.15   -1052.4511522263276   -2904.5715917969
    6.20   -1069.6340581893937   -3059.1322480469
    6.25   -1086.9560998678207   -3055.3159355469
    6.30   -1104.4172768771630   -3213.6929042969
    6.35   -1122.0175896942621   -3273.9190859375
    6.40   -1139.7570371031757   -3468.7428655237804
    6.45   -1157.6356203943512   -3542.8278455408404
    6.50   -1175.6533387601376   -3662.0346886006932
    6.55   -1193.810192826388   -3768.850504678267
    6.60   -1212.1061820507048   -3878.5678598592162
    6.65   -1230.541306215525   -4003.311398163039
    6.70   -1249.1155662596254   -4040.12162947216
    6.75   -1267.8289616256952   -4096.7665798558
    6.80   -1286.681492459771   -4363.55758672309
    6.85   -1305.67315903902   -3614.7070985271775
    6.90   -1324.8039597630511   -4615.924339065192
    6.95   -1344.0738969266442   -4749.17595844096
    7.00   -1363.482969045639   -3274.7449148472465
    7.05   -1383.0311766326397   -5047.077778373503
    7.10   -1402.7185194611532   -4625.286179878528
    7.15   -1422.5449981033814   -5316.379376907796
    7.20   -1442.510611867908   -5499.292848668907
    7.25   -1462.6153603345156   -5648.851179147385
    7.30   -1482.8592449247806   -3739.087578202226
    7.35   -1503.2422646194673   -5407.539925458974
    7.40   -1523.7644196987173   -3772.5176557432683
    7.45   -1544.4257103771004   -6300.72728372071
    7.50   -1565.226136147976   -6237.18414676058
    7.55   -1586.1656973540746   -6613.773177494634
    7.60   -1607.2443945407838   -6573.431824830964
    7.65   -1628.4622262835535   -5247.9294575563745
    7.70   -1649.8191937744655   -7148.291143806275
    7.75   -1671.3152963966131   -3915.5210019602264
    7.80   -1692.950534057613   -7573.5035302385695
    7.85   -1714.724907279011   -6305.204574538936
    7.90   -1736.638416516785   -7994.392455629359
    7.95   -1758.6910606920758   -8163.19090222638
    8.00   -1780.882840335369   -8397.694782819552
    8.05   -1803.2137553572613   -8539.258198337251
    8.10   -1825.683805108066   -8350.327314628352
    8.15   -1848.2929915726231   -9162.324768448512
    8.20   -1871.0413124084514   -8215.946622344873
    8.25   -1893.9287688285112   -9107.752806584413
    8.30   -1916.9553601860955   -9942.274462554004
    8.35   -1940.1210871875232   -9803.249524773124
    8.40   -1963.425950384145   -9643.02367218347
    8.45   -1986.869947826867   -10740.970002157228
    8.50   -2010.4530815184116   -11051.682034203328
    8.55   -2034.175350278611   -11280.884298849658
    8.60   -2058.0367537975253   -4712.590238646914
    8.65   -2082.0372935235564   -11917.714797325143
    8.70   -2106.176967853312   -11847.800436690854
    8.75   -2130.4557778686285   -12322.012462163955
    8.80   -2154.87372332811   -11984.449045411211
    8.85   -2179.4308043479855   -12429.41967709037
    8.90   -2204.1270206332274   -13577.620650974068
    8.95   -2228.9623723536756   -11944.95642085926
    9.00   -2253.936859369278   -14096.881966297027
    9.05   -2279.0504812747226   -14607.684668978098
    9.10   -2304.3032391250063   -14886.997602771386
    9.15   -2329.6951321363517   -15316.542814579032
    9.20   -2355.2261602401745   -14444.535877417933
    9.25   -2380.8963241428137   -15876.467385719961
    9.30   -2406.705623680353   -15723.18942553873
    9.35   -2432.654057848447   -16288.656845380598
    9.40   -2458.741628265389   -15712.202594710054
    9.45   -2484.9683332324016   -17912.89873987913
    9.50   -2511.334173768759   -18399.938889215107
    9.55   -2537.839150232078   -17694.715104163366
    9.60   -2564.483260607711   -18545.854240807126
    9.65   -2591.266507494458   -19548.554194577424
    9.70   -2618.188890337941   -20349.28315859059
    9.75   -2645.250408053398   -17953.119249812546
    9.80   -2672.4510608196288   -19275.98024345726
    9.85   -2699.7908483683977   -16026.461094298611
    9.90   -2727.2697717905135   -22329.710204709183
    9.95   -2754.887830922003   -22360.648738689368

