

HB2SM=41.4692 MeV.fm^2 Energies in MeV, Scattering lengths in fm^(2l+1)

--------------------------------------

          V3        V2         B2      B3       A00          A11               Eres

0.5      4.436   -16.3721     2.2245  8.484    5.182(78)   -137.45(73)   (-8.023,-0.661)     
0.75    12.936   -28.6714     2.2245  8.484    4.593(85)   -64.664(870)  (-7.868,-1.231)     
1.0     27.245   -44.4515     2.2245  8.484    4.215(04)   -45.726(921)  (-7.770,-1.628)     
1.5     79.22    -86.4495     2.2245  8.484    3.805(793)  -31.537(729)  (-7.689,-2.247)     
2.0    173.925  -142.3625     2.2245  8.484    3.594(79)   -25.651(846)  (-7.737,-2.728)     
3.0    566.65   -295.93       2.2245  8.484    3.378(61)   -20.496(683)  (-8.032,-3.329)     
4.0   1426.75   -505.15       2.2245  8.484    3.270(53)   -18.184(366)  (-8.363,-3.549)     
6.0   6552.5    -1090.548     2.2245  8.484    3.164(46)   -16.026(212)  (-8.726,-3.436)     
8.0   25697     -1898.553     2.2245  8.484    3.111(092)  -14.863(5.050)(-8.792,-3.274)     
10.0  92495     -2929.165     2.2245  8.484    3.075(57)   -13.457(646)  (-8.715,-3.062)     

                                               3.091(68)   -13.608(717)

----------------------------------------

0.75   -16.8955  -15.6519       0    8.484     2.805(3)    -13.757(344)  (-8.751,-3.094)
1      -18.755   -27.8256       0    8.484     3.115(07)    29.807(734)    
1.5    -62.6076       0    8.484    
2       8.28     -111.3024      0    8.484     2.779(65)   -10.838(-11.055) (-8.156,-4.804)
3     123.192    -250.4304      0    8.484     2.614(598)  -8.364(548)     
4     373.905    -445.2096      0    8.484     2.530(13)   -7.558(741)
6    1538.61    -1001.7216      0    8.484     2.444(27)   -6.765(945)
8    4251.2     -1780.8384      0    8.484     2.403(385)  -6.376(552)
10   9925.4     -2782.56        0    8.484     2.379(61)   -6.138(313)

 

--------------------

MT 13

-------------------- 

                  B2             B3          A(ls00)       A(ls01)         A(ls10)                       A(ls11)

                 2.2301       8.5367       4.042(35)      3.603(595)      -31.60(33)                   -32.46(63)

                                                                                                  (-8.091,-2.180)              (-7.479,-2.046)