      1.2773      -0.1992       0.1197      -0.0666       0.0355      -0.0184       0.0093      -0.0047       0.0023      -0.0011       0.0006      -0.0003       0.0001      -0.0001       0.0000      -0.0000       0.0000      -0.0000       0.0000      -0.0000       0.0000      -0.0000       0.0000      -0.0000       0.0000      -0.0000       0.0000      -0.0000
     -0.1992       1.1435      -0.0865       0.0483      -0.0258       0.0134      -0.0068       0.0034      -0.0017       0.0008      -0.0004       0.0002      -0.0001       0.0000      -0.0000       0.0000      -0.0000       0.0000      -0.0000       0.0000      -0.0000       0.0000      -0.0000       0.0000      -0.0000       0.0000      -0.0000       0.0000
      0.1197      -0.0865       1.0523      -0.0293       0.0157      -0.0082       0.0042      -0.0021       0.0010      -0.0005       0.0003      -0.0001       0.0001      -0.0000       0.0000      -0.0000       0.0000      -0.0000       0.0000      -0.0000       0.0000      -0.0000       0.0000      -0.0000       0.0000      -0.0000       0.0000      -0.0000
     -0.0666       0.0483      -0.0293       1.0164      -0.0088       0.0046      -0.0024       0.0012      -0.0006       0.0003      -0.0001       0.0001      -0.0000       0.0000      -0.0000       0.0000      -0.0000       0.0000      -0.0000       0.0000      -0.0000       0.0000      -0.0000       0.0000      -0.0000       0.0000      -0.0000       0.0000
      0.0355      -0.0258       0.0157      -0.0088       1.0048      -0.0025       0.0013      -0.0006       0.0003      -0.0002       0.0001      -0.0000       0.0000      -0.0000       0.0000      -0.0000       0.0000      -0.0000       0.0000      -0.0000       0.0000      -0.0000       0.0000      -0.0000       0.0000      -0.0000       0.0000      -0.0000
     -0.0184       0.0134      -0.0082       0.0046      -0.0025       1.0013      -0.0007       0.0003      -0.0002       0.0001      -0.0000       0.0000      -0.0000       0.0000      -0.0000       0.0000      -0.0000       0.0000      -0.0000       0.0000      -0.0000       0.0000      -0.0000       0.0000      -0.0000       0.0000      -0.0000       0.0000
      0.0093      -0.0068       0.0042      -0.0024       0.0013      -0.0007       1.0003      -0.0002       0.0001      -0.0000       0.0000      -0.0000       0.0000      -0.0000       0.0000      -0.0000       0.0000      -0.0000       0.0000      -0.0000       0.0000      -0.0000       0.0000      -0.0000       0.0000      -0.0000       0.0000      -0.0000
     -0.0047       0.0034      -0.0021       0.0012      -0.0006       0.0003      -0.0002       1.0001      -0.0000       0.0000      -0.0000       0.0000      -0.0000       0.0000      -0.0000       0.0000      -0.0000       0.0000      -0.0000       0.0000      -0.0000       0.0000      -0.0000       0.0000      -0.0000       0.0000      -0.0000       0.0000
      0.0023      -0.0017       0.0010      -0.0006       0.0003      -0.0002       0.0001      -0.0000       1.0000      -0.0000       0.0000      -0.0000       0.0000      -0.0000       0.0000      -0.0000       0.0000      -0.0000       0.0000      -0.0000       0.0000      -0.0000       0.0000      -0.0000       0.0000      -0.0000       0.0000      -0.0000
     -0.0011       0.0008      -0.0005       0.0003      -0.0002       0.0001      -0.0000       0.0000      -0.0000       1.0000      -0.0000       0.0000      -0.0000       0.0000      -0.0000       0.0000      -0.0000       0.0000      -0.0000       0.0000      -0.0000       0.0000      -0.0000       0.0000      -0.0000       0.0000      -0.0000       0.0000
      0.0006      -0.0004       0.0003      -0.0001       0.0001      -0.0000       0.0000      -0.0000       0.0000      -0.0000       1.0000      -0.0000       0.0000      -0.0000       0.0000      -0.0000       0.0000      -0.0000       0.0000      -0.0000       0.0000      -0.0000       0.0000      -0.0000       0.0000      -0.0000       0.0000      -0.0000
     -0.0003       0.0002      -0.0001       0.0001      -0.0000       0.0000      -0.0000       0.0000      -0.0000       0.0000      -0.0000       1.0000      -0.0000       0.0000      -0.0000       0.0000      -0.0000       0.0000      -0.0000       0.0000      -0.0000       0.0000      -0.0000       0.0000      -0.0000       0.0000      -0.0000       0.0000
      0.0001      -0.0001       0.0001      -0.0000       0.0000      -0.0000       0.0000      -0.0000       0.0000      -0.0000       0.0000      -0.0000       1.0000      -0.0000       0.0000      -0.0000       0.0000      -0.0000       0.0000      -0.0000       0.0000      -0.0000       0.0000      -0.0000       0.0000      -0.0000       0.0000      -0.0000
     -0.0001       0.0000      -0.0000       0.0000      -0.0000       0.0000      -0.0000       0.0000      -0.0000       0.0000      -0.0000       0.0000      -0.0000       1.0000      -0.0000       0.0000      -0.0000       0.0000      -0.0000       0.0000      -0.0000       0.0000      -0.0000       0.0000      -0.0000       0.0000      -0.0000       0.0000
      0.0000      -0.0000       0.0000      -0.0000       0.0000      -0.0000       0.0000      -0.0000       0.0000      -0.0000       0.0000      -0.0000       0.0000      -0.0000       1.0000      -0.0000       0.0000      -0.0000       0.0000      -0.0000       0.0000      -0.0000       0.0000      -0.0000       0.0000      -0.0000       0.0000      -0.0000
     -0.0000       0.0000      -0.0000       0.0000      -0.0000       0.0000      -0.0000       0.0000      -0.0000       0.0000      -0.0000       0.0000      -0.0000       0.0000      -0.0000       1.0000      -0.0000       0.0000      -0.0000       0.0000      -0.0000       0.0000      -0.0000       0.0000      -0.0000       0.0000      -0.0000       0.0000
      0.0000      -0.0000       0.0000      -0.0000       0.0000      -0.0000       0.0000      -0.0000       0.0000      -0.0000       0.0000      -0.0000       0.0000      -0.0000       0.0000      -0.0000       1.0000      -0.0000       0.0000      -0.0000       0.0000      -0.0000       0.0000      -0.0000       0.0000      -0.0000       0.0000      -0.0000
     -0.0000       0.0000      -0.0000       0.0000      -0.0000       0.0000      -0.0000       0.0000      -0.0000       0.0000      -0.0000       0.0000      -0.0000       0.0000      -0.0000       0.0000      -0.0000       1.0000      -0.0000       0.0000      -0.0000       0.0000      -0.0000       0.0000      -0.0000       0.0000      -0.0000       0.0000
      0.0000      -0.0000       0.0000      -0.0000       0.0000      -0.0000       0.0000      -0.0000       0.0000      -0.0000       0.0000      -0.0000       0.0000      -0.0000       0.0000      -0.0000       0.0000      -0.0000       1.0000      -0.0000       0.0000      -0.0000       0.0000      -0.0000       0.0000      -0.0000       0.0000      -0.0000
     -0.0000       0.0000      -0.0000       0.0000      -0.0000       0.0000      -0.0000       0.0000      -0.0000       0.0000      -0.0000       0.0000      -0.0000       0.0000      -0.0000       0.0000      -0.0000       0.0000      -0.0000       1.0000      -0.0000       0.0000      -0.0000       0.0000      -0.0000       0.0000      -0.0000       0.0000
      0.0000      -0.0000       0.0000      -0.0000       0.0000      -0.0000       0.0000      -0.0000       0.0000      -0.0000       0.0000      -0.0000       0.0000      -0.0000       0.0000      -0.0000       0.0000      -0.0000       0.0000      -0.0000       1.0000      -0.0000       0.0000      -0.0000       0.0000      -0.0000       0.0000       0.0000
     -0.0000       0.0000      -0.0000       0.0000      -0.0000       0.0000      -0.0000       0.0000      -0.0000       0.0000      -0.0000       0.0000      -0.0000       0.0000      -0.0000       0.0000      -0.0000       0.0000      -0.0000       0.0000      -0.0000       1.0000      -0.0000       0.0000      -0.0000       0.0000      -0.0000       0.0000
      0.0000      -0.0000       0.0000      -0.0000       0.0000      -0.0000       0.0000      -0.0000       0.0000      -0.0000       0.0000      -0.0000       0.0000      -0.0000       0.0000      -0.0000       0.0000      -0.0000       0.0000      -0.0000       0.0000      -0.0000       1.0000      -0.0000       0.0000      -0.0000       0.0000       0.0000
     -0.0000       0.0000      -0.0000       0.0000      -0.0000       0.0000      -0.0000       0.0000      -0.0000       0.0000      -0.0000       0.0000      -0.0000       0.0000      -0.0000       0.0000      -0.0000       0.0000      -0.0000       0.0000      -0.0000       0.0000      -0.0000       1.0000      -0.0000       0.0000       0.0000       0.0000
      0.0000      -0.0000       0.0000      -0.0000       0.0000      -0.0000       0.0000      -0.0000       0.0000      -0.0000       0.0000      -0.0000       0.0000      -0.0000       0.0000      -0.0000       0.0000      -0.0000       0.0000      -0.0000       0.0000      -0.0000       0.0000      -0.0000       1.0000       0.0000       0.0000       0.0000
     -0.0000       0.0000      -0.0000       0.0000      -0.0000       0.0000      -0.0000       0.0000      -0.0000       0.0000      -0.0000       0.0000      -0.0000       0.0000      -0.0000       0.0000      -0.0000       0.0000      -0.0000       0.0000      -0.0000       0.0000      -0.0000       0.0000       0.0000       1.0000       0.0000       0.0000
      0.0000      -0.0000       0.0000      -0.0000       0.0000      -0.0000       0.0000      -0.0000       0.0000      -0.0000       0.0000      -0.0000       0.0000      -0.0000       0.0000      -0.0000       0.0000      -0.0000       0.0000      -0.0000       0.0000      -0.0000       0.0000       0.0000       0.0000       0.0000       1.0000       0.0000
     -0.0000       0.0000      -0.0000       0.0000      -0.0000       0.0000      -0.0000       0.0000      -0.0000       0.0000      -0.0000       0.0000      -0.0000       0.0000      -0.0000       0.0000      -0.0000       0.0000      -0.0000       0.0000       0.0000       0.0000       0.0000       0.0000       0.0000       0.0000       0.0000       1.0000
