    228.1948     258.4236     244.7073     214.3947     179.7209     146.3859     116.8322      91.8315      71.3212      54.8556      41.8499      31.7064      23.8758      17.8819      13.3270       9.8874       7.3045       5.3745       3.9392       2.8762       2.0921       1.5160       1.0944       0.7869       0.5634
    258.4236     256.3007     243.5151     214.0633     180.0376     147.1253     117.8041      92.8935      72.3757      55.8418      42.7347      32.4761      24.5293      18.4261      13.7728      10.2475       7.5918       5.6013       4.1163       3.0133       2.1974       1.5962       1.1549       0.8322       0.5971
    244.7073     243.5151     195.3996     172.3277     145.3988     119.1894      95.7260      75.7074      59.1551      45.7684      35.1198      26.7580      20.2603      15.2549      11.4277       8.5202       6.3242       4.6741       3.4402       2.5217       1.8408       1.3382       0.9687       0.6981       0.5007
    214.3947     214.0633     172.3277     121.0920     102.4760      84.2432      67.8412      53.7893      42.1275      32.6642      25.1132      19.1669      14.5341      10.9568       8.2156       6.1291       4.5506       3.3628       2.4737       1.8113       1.3200       0.9574       0.6909       0.4959       0.3538
    179.7209     180.0376     145.3988     102.4760      62.0831      51.1533      41.2733      32.7754      25.6994      19.9411      15.3355      11.7017       8.8663       6.6746       4.9943       3.7153       2.7482       2.0213       1.4781       1.0745       0.7762       0.5570       0.3968       0.2803       0.1962
    146.3859     147.1253     119.1894      84.2432      51.1533      23.3089      18.7933      14.8961      11.6440       8.9948       6.8761       5.2066       3.9073       2.9068       2.1438       1.5671       1.1349       0.8135       0.5767       0.4035       0.2780       0.1880       0.1241       0.0793       0.0483
    116.8322     117.8041      95.7260      67.8412      41.2733      18.7933       1.1051       0.7509       0.4633       0.2398       0.0734      -0.0449      -0.1241      -0.1729      -0.1988      -0.2080      -0.2055      -0.1953      -0.1805      -0.1632      -0.1450      -0.1271      -0.1100      -0.0943      -0.0801
     91.8315      92.8935      75.7074      53.7893      32.7754      14.8961       0.7509      -9.8280      -7.9462      -6.3826      -5.1013      -4.0618      -3.2249      -2.5548      -2.0205      -1.5959      -1.2592      -0.9928      -0.7822      -0.6160      -0.4849      -0.3815      -0.3001      -0.2360      -0.1855
     71.3212      72.3757      59.1551      42.1275      25.6994      11.6440       0.4633      -7.9462     -13.9481     -11.1384      -8.8403      -6.9820      -5.4926      -4.3070      -3.3685      -2.6288      -2.0479      -1.5930      -1.2376      -0.9606      -0.7449      -0.5773      -0.4472      -0.3462      -0.2679
     54.8556      55.8418      45.7684      32.6642      19.9411       8.9948       0.2398      -6.3826     -11.1384     -14.3615     -11.3926      -8.9895      -7.0623      -5.5281      -4.3141      -3.3581      -2.6083      -2.0221      -1.5653      -1.2100      -0.9343      -0.7207      -0.5555      -0.4278      -0.3293
     41.8499      42.7347      35.1198      25.1132      15.3355       6.8761       0.0734      -5.1013      -8.8403     -11.3926     -13.0082     -10.2720      -8.0741      -6.3220      -4.9341      -3.8401      -2.9815      -2.3102      -1.7868      -1.3798      -1.0641      -0.8197      -0.6307      -0.4849      -0.3725
     31.7064      32.4761      26.7580      19.1669      11.7017       5.2066      -0.0449      -4.0618      -6.9820      -8.9895     -10.2720     -11.0000      -8.6566      -6.7851      -5.3002      -4.1281      -3.2071      -2.4861      -1.9235      -1.4856      -1.1458      -0.8825      -0.6789      -0.5217      -0.4006
     23.8758      24.5293      20.2603      14.5341       8.8663       3.9073      -0.1241      -3.2249      -5.4926      -7.0623      -8.0741      -8.6566      -8.9198      -7.0007      -5.4752      -4.2692      -3.3201      -2.5760      -1.9947      -1.5417      -1.1898      -0.9168      -0.7056      -0.5424      -0.4166
     17.8819      18.4261      15.2549      10.9568       6.6746       2.9068      -0.1729      -2.5548      -4.3070      -5.5281      -6.3220      -6.7851      -7.0007      -7.0374      -5.5112      -4.3027      -3.3501      -2.6021      -2.0170      -1.5605      -1.2053      -0.9295      -0.7159      -0.5507      -0.4232
     13.3270      13.7728      11.4277       8.2156       4.9943       2.1438      -0.1988      -2.0205      -3.3685      -4.3141      -4.9341      -5.3002      -5.4752      -5.5112      -5.4499      -4.2602      -3.3210      -2.5826      -2.0040      -1.5520      -1.1999      -0.9263      -0.7140      -0.5497      -0.4227
      9.8874      10.2475       8.5202       6.1291       3.7153       1.5671      -0.2080      -1.5959      -2.6288      -3.3581      -3.8401      -4.1281      -4.2692      -4.3027      -4.2602      -4.1666      -3.2518      -2.5316      -1.9666      -1.5247      -1.1800      -0.9118      -0.7035      -0.5421      -0.4172
      7.3045       7.5918       6.3242       4.5506       2.7482       1.1349      -0.2055      -1.2592      -2.0479      -2.6083      -2.9815      -3.2071      -3.3201      -3.3501      -3.3210      -3.2518      -3.1571      -2.4605      -1.9134      -1.4849      -1.1503      -0.8896      -0.6870      -0.5299      -0.4081
      5.3745       5.6013       4.6741       3.3628       2.0213       0.8135      -0.1953      -0.9928      -1.5930      -2.0221      -2.3102      -2.4861      -2.5760      -2.6021      -2.5826      -2.5316      -2.4605      -2.3775      -1.8506      -1.4375      -1.1146      -0.8628      -0.6669      -0.5147      -0.3968
      3.9392       4.1163       3.4402       2.4737       1.4781       0.5767      -0.1805      -0.7822      -1.2376      -1.5653      -1.7868      -1.9235      -1.9947      -2.0170      -2.0040      -1.9666      -1.9134      -1.8506      -1.7830      -1.3862      -1.0757      -0.8333      -0.6446      -0.4979      -0.3841
      2.8762       3.0133       2.5217       1.8113       1.0745       0.4035      -0.1632      -0.6160      -0.9606      -1.2100      -1.3798      -1.4856      -1.5417      -1.5605      -1.5520      -1.5247      -1.4849      -1.4375      -1.3862      -1.3336      -1.0356      -0.8029      -0.6215      -0.4804      -0.3708
      2.0921       2.1974       1.8408       1.3200       0.7762       0.2780      -0.1450      -0.4849      -0.7449      -0.9343      -1.0641      -1.1458      -1.1898      -1.2053      -1.1999      -1.1800      -1.1503      -1.1146      -1.0757      -1.0356      -0.9958      -0.7725      -0.5983      -0.4628      -0.3575
      1.5160       1.5962       1.3382       0.9574       0.5570       0.1880      -0.1271      -0.3815      -0.5773      -0.7207      -0.8197      -0.8825      -0.9168      -0.9295      -0.9263      -0.9118      -0.8896      -0.8628      -0.8333      -0.8029      -0.7725      -0.7429      -0.5757      -0.4455      -0.3443
      1.0944       1.1549       0.9687       0.6909       0.3968       0.1241      -0.1100      -0.3001      -0.4472      -0.5555      -0.6307      -0.6789      -0.7056      -0.7159      -0.7140      -0.7035      -0.6870      -0.6669      -0.6446      -0.6215      -0.5983      -0.5757      -0.5540      -0.4289      -0.3317
      0.7869       0.8322       0.6981       0.4959       0.2803       0.0793      -0.0943      -0.2360      -0.3462      -0.4278      -0.4849      -0.5217      -0.5424      -0.5507      -0.5497      -0.5421      -0.5299      -0.5147      -0.4979      -0.4804      -0.4628      -0.4455      -0.4289      -0.4132      -0.3196
      0.5634       0.5971       0.5007       0.3538       0.1962       0.0483      -0.0801      -0.1855      -0.2679      -0.3293      -0.3725      -0.4006      -0.4166      -0.4232      -0.4227      -0.4172      -0.4081      -0.3968      -0.3841      -0.3708      -0.3575      -0.3443      -0.3317      -0.3196      -0.3083
